99
202
183
4
9
83
208
81
205
96
224
231
186
112
225
140
124
130
253
199
131
209
239
163
12
129
50
200
120
62
248
161
119
201
147
35
44
0
170
64
19
79
58
55
37
181
152
137
123
125
38
195
26
237
251
143
236
220
10
109
46
102
17
13
242
250
54
24
27
32
67
146
95
34
73
141
28
72
105
191
107
89
63
150
110
252
77
157
151
42
6
213
166
3
217
230
111
71
247
5
90
177
51
56
68
144
36
78
180
246
142
66
197
240
204
154
160
91
133
245
23
136
92
169
198
14
148
104
48
173
52
7
82
106
69
188
196
70
194
108
232
97
155
65
1
212
165
18
59
203
249
182
167
238
211
86
221
53
30
153
103
162
229
128
214
190
2
218
126
184
172
244
116
87
135
45
43
175
241
226
179
57
127
33
61
20
98
234
31
185
233
15
254
156
113
235
41
74
80
16
100
222
145
101
75
134
206
176
215
164
216
39
227
76
60
255
93
94
149
122
189
193
85
84
171
114
49
178
47
88
159
243
25
11
228
174
139
29
40
187
118
192
21
117
132
207
168
210
115
219
121
8
138
158
223
22
